3, 7, 1, 2, 6, 4
   1, 2, 3,4,5,6, 7, 8, 10 11, 12, 13, 14, 15, 16
2 ,  , 9 , 3 , 4, 6, 5, 1 ,  7
2 , 8, 9 , 3 , 4, 6, 5, 1 ,  7

761, 930, 833, 782, 954, 293, 806, 43, 897, 942, 181, 240, 99, 959, 811, 448, 91, 253, 90, 166, 103, 236, 76, 277, 777, 19, 527, 876, 507, 678, 674, 143, 960, 259, 261, 991, 610, 966, 831, 570, 481, 790, 345, 567, 757, 885, 951, 755, 446, 54, 477, 852, 483, 975, 933, 550, 187, 656, 264, 820, 748, 972, 661, 571, 233, 605, 414, 319, 758, 677, 175, 417, 26, 635, 924, 29, 24, 989, 594, 322, 967, 718, 542, 66, 134, 192, 429, 781, 30, 109, 919, 892, 732, 501, 248, 212, 891, 400, 386, 995, 579, 823, 172, 534, 389, 687, 970, 426, 518, 514, 62, 444, 565, 763, 34, 450, 533, 791, 349, 699, 621, 842, 754, 529, 641, 759, 27, 652, 730, 502, 309, 685, 744, 694, 618, 139, 404, 214, 348, 835, 140, 725, 997, 57, 940, 738, 355, 607, 753, 904, 598, 552, 55, 354, 407, 541, 857, 445, 273, 780, 163, 44, 865, 672, 585, 42, 182, 127, 191, 358, 298, 662, 197, 867, 785, 638, 302, 63, 420, 101, 945, 96, 449, 864, 100, 232, 442, 903, 557, 952, 9, 505, 721, 849, 999, 657, 925, 335, 961, 745, 490, 553, 123, 3, 912, 796, 6, 385, 773, 180, 736, 402, 124, 631, 756, 145, 770, 793, 38, 824, 813, 237, 615, 87, 201, 71, 462, 726, 459, 710, 485, 89, 121, 597, 746, 430, 353, 654, 112, 817, 917, 94, 647, 898, 461, 628, 543, 331, 873, 210, 798, 371, 86, 701, 471, 783, 185, 868, 239, 435, 352, 458, 821, 976, 859, 749, 603, 265, 173, 286, 752, 695, 660, 150, 119, 934, 292, 778, 556, 982, 198, 376, 640, 545, 794, 84, 888, 231, 646, 492, 659, 418, 886, 409, 342, 422, 969, 267, 327, 28, 584, 789, 704, 382, 612, 80, 595, 443, 486, 560, 122, 260, 928, 532, 228, 351, 433, 390, 642, 818, 795, 943, 648, 883, 368, 786, 639, 957, 74, 436, 268, 578, 862, 245, 466, 410, 962, 209, 825, 855, 684, 906, 23, 769, 359, 548, 255, 776, 117, 158, 839, 620, 473, 863, 68, 69, 637, 283, 412, 329, 367, 669, 131, 281, 475, 93, 916, 689, 373, 135, 64, 167, 133, 666, 879, 125, 313, 276, 288, 847, 931, 92, 205, 142, 988, 495, 441, 799, 663, 727, 515, 365, 827, 733, 626, 907, 326, 194, 262, 344, 808, 256, 190, 779, 953, 911, 676, 14, 809, 735, 58, 978, 193, 296, 415, 977, 537, 740, 251, 50, 1001, 882, 775, 1000, 964, 804, 270, 858, 830, 460, 332, 162, 39, 992, 305, 439, 601, 625, 622, 159, 316, 935, 613, 611, 356, 869, 325, 649, 250, 102, 235, 932, 396, 65, 146, 671, 602, 32, 222, 690, 634, 229, 275, 381, 950, 171, 845, 380, 766, 606, 955, 387, 650, 734, 105, 291, 973, 152, 474, 551, 336, 523, 16, 665, 772, 339, 98, 520, 40, 860, 287, 909, 383, 130, 447, 524, 936, 394, 165, 148, 211, 739, 82, 844, 115, 21, 85, 333, 437, 411, 321, 244, 588, 219, 590, 246, 802, 937, 491, 161, 207, 564, 478, 257, 914, 651, 199, 920, 682, 743, 61, 300, 318, 908, 797, 110, 7, 323, 374, 311, 200, 958, 5, 561, 128, 870, 156, 480, 624, 498, 664, 116, 328, 792, 510, 243, 160, 737, 186, 340, 881, 31, 569, 350, 875, 111, 60, 224, 851, 714, 337, 285, 263, 549, 47, 234, 303, 271, 668, 535, 929, 568, 836, 540, 927, 643, 403, 900, 728, 157, 225, 254, 406, 149, 544, 880, 218, 347, 707, 346, 206, 686, 555, 230, 363, 866, 295, 616, 397, 419, 829, 8, 575, 67, 717, 923, 155, 299, 528, 712, 114, 499, 530, 489, 742, 113, 703, 512, 632, 468, 729, 619, 357, 108, 838, 965, 577, 922, 815, 832, 837, 984, 399, 289, 771, 526, 317, 629, 488, 719, 338, 513, 593, 915, 20, 215, 547, 169, 566, 154, 496, 177, 720, 517, 986, 470, 500, 59, 494, 226, 762, 213, 750, 926, 633, 48, 711, 4, 189, 604, 266, 768, 136, 126, 307, 713, 440, 504, 902, 178, 765, 509, 723, 56, 308, 996, 220, 464, 315, 599, 120, 617, 202, 208, 895, 700, 294, 680, 563, 559, 979, 974, 476, 887, 899, 981, 681, 747, 164, 644, 921, 871, 176, 463, 183, 627, 343, 360, 393, 854, 238, 79, 521, 45, 582, 810, 432, 910, 258, 944, 17, 217, 673, 636, 702, 828, 877, 49, 760, 894, 129, 52, 388, 141, 247, 451, 709, 784, 856, 334, 330, 372, 872, 841, 998, 861, 320, 391, 805, 12, 424, 11, 614, 33, 889, 392, 2, 623, 939, 696, 454, 379, 482, 807, 77, 848, 384, 580, 645, 188, 196, 278, 269, 306, 297, 589, 706, 968, 562, 324, 764, 609, 874, 708, 78, 667, 716, 587, 401, 423, 457, 963, 573, 834, 405, 455, 221, 314, 800, 479, 279, 72, 705, 15, 465, 803, 484, 274, 408, 722, 774, 683, 312, 516, 395, 18, 366, 203, 378, 22, 679, 35, 693, 938, 581, 362, 10, 670, 242, 37, 184, 840, 884, 361, 913, 153, 364, 787, 591, 304, 574, 282, 596, 53, 107, 608, 630, 452, 431, 905, 583, 472, 980, 948, 941, 427, 558, 692, 990, 421, 539, 983, 554, 592, 531, 375, 223, 572, 826, 586, 467, 138, 70, 724, 75, 290, 249, 853, 688, 511, 956, 170, 46, 675, 918, 987, 434, 81, 788, 814, 73, 658, 377, 819, 456, 204, 506, 816, 416, 36, 698, 890, 179, 697, 216, 132, 168, 741, 341, 227, 691, 144, 97, 947, 538, 751, 438, 850, 878, 106, 284, 493, 413, 425, 88, 731, 812, 896, 946, 893, 767, 801, 174, 25, 949, 137, 369, 83, 487, 118, 715, 95, 655, 1, 576, 51, 497, 994, 525, 252, 453, 370, 104, 41, 522, 147, 985, 822, 519, 653, 428, 195, 843, 993, 971, 310, 272, 600, 901, 846, 398, 546, 301, 280, 508, 151, 241, 469, 536, 13
8, 1, 3, 5, 6, 9, 4, 7, 2
1, 2, 3, 4, 5, 6, 7, 8,
2 , 3, 9 , 3 , 4, 6, 5, 1 ,  7
3 2 1
1 , 2 , 4
